n 58
m 28
matrice d_ij 28 58
37 15 25 25 36 14 39 38 27 20 2 41 18 32 9 11 24 31 37 18 19 39 6 18 16 36 1 28 37 6 4 31 3 28 29 40 27 19 10 22 24 23 27 22 8 3 32 39 15 30 25 38 14 35 15 18 36 7 
38 13 20 30 33 18 41 42 29 25 7 41 13 29 4 11 20 31 37 23 16 42 4 16 20 34 6 31 40 1 2 35 8 29 34 39 25 24 5 17 25 28 31 20 10 2 35 43 20 34 25 38 19 38 16 22 37 7 
18 33 47 16 42 34 18 5 13 19 31 26 46 40 40 29 48 28 30 30 38 7 33 32 33 40 33 5 7 38 34 2 29 20 9 34 40 16 42 49 20 19 6 31 26 34 6 6 31 4 24 27 30 5 23 37 23 31 
42 13 11 40 28 29 44 49 35 36 17 43 2 25 6 15 10 31 36 34 11 49 11 16 31 30 17 39 46 10 11 42 18 32 43 38 19 34 7 6 29 38 40 20 18 12 41 50 30 42 27 39 30 45 21 33 39 13 
14 19 33 20 29 30 16 18 4 19 22 21 33 27 28 16 34 16 20 28 25 17 22 19 30 28 24 9 14 27 23 11 20 9 17 24 26 15 31 36 7 21 12 17 15 23 9 18 28 13 11 19 26 13 10 34 16 19 
32 5 8 39 17 34 34 44 26 35 21 31 12 13 15 11 9 20 25 37 0 41 13 6 36 18 21 33 39 17 15 36 20 22 40 26 8 32 17 12 20 38 35 9 16 16 34 43 34 37 17 28 33 37 15 38 28 13 
46 30 40 21 50 1 47 39 35 17 14 52 31 46 23 25 39 44 49 7 34 42 21 33 3 50 13 31 41 19 19 35 15 39 28 52 42 19 22 36 35 18 29 36 21 18 37 42 4 31 37 49 5 40 27 3 47 22 
7 28 41 25 32 38 8 14 6 25 31 16 42 31 38 25 42 18 19 36 33 9 31 26 38 31 33 10 6 37 33 9 29 10 19 23 32 22 41 44 12 27 14 24 25 33 4 12 36 14 16 16 35 6 19 42 12 28 
13 15 26 31 18 37 16 29 10 30 25 15 29 15 27 15 27 5 11 37 18 25 22 12 37 16 27 20 22 27 24 22 24 4 29 14 16 26 30 30 4 32 23 9 17 25 18 27 35 25 1 12 34 21 11 41 10 19 
24 5 20 28 23 26 27 32 17 24 14 27 19 19 15 3 20 17 22 28 11 31 9 6 27 22 15 22 28 15 11 25 12 15 28 25 16 21 18 21 11 27 24 8 6 12 23 32 26 26 11 24 25 27 4 31 23 6 
26 14 28 19 31 19 28 27 16 15 10 31 24 28 18 8 28 23 28 20 20 27 11 15 20 31 11 16 25 16 12 20 8 18 20 32 25 12 20 28 14 18 17 17 4 12 20 28 18 19 16 28 17 23 7 23 26 9 
15 25 39 17 34 31 16 13 6 17 25 22 38 32 33 21 40 21 24 28 30 12 26 24 30 33 27 3 10 31 27 6 23 13 13 28 32 14 35 41 12 19 7 23 19 27 5 13 28 8 16 21 27 8 15 34 18 23 
21 43 56 25 49 45 20 7 21 29 42 29 57 47 51 39 57 34 34 40 48 6 44 42 44 47 44 16 9 49 45 12 40 27 18 38 48 27 53 59 28 29 17 40 37 45 14 4 42 15 32 30 41 10 33 47 27 41 
34 19 31 18 39 11 36 31 24 13 5 39 25 35 17 14 31 31 37 12 24 33 12 21 12 38 6 22 32 14 11 25 4 27 22 40 31 12 18 29 23 15 20 24 9 10 26 33 10 23 25 37 9 30 15 15 35 11 
15 39 52 27 43 45 13 10 16 30 40 22 53 41 48 36 53 28 28 41 44 3 41 37 44 41 42 15 5 47 42 11 38 21 20 31 43 27 51 55 23 30 17 35 34 43 10 5 42 15 27 24 41 6 29 48 21 38 
39 30 42 11 49 9 40 29 28 7 16 45 36 45 27 24 42 40 44 4 36 33 23 32 7 48 17 22 32 24 22 25 15 33 17 48 42 9 28 40 30 7 19 34 19 21 28 32 6 21 33 44 6 30 24 11 41 23 
16 14 23 36 13 40 19 34 15 34 28 15 28 11 28 17 24 3 9 41 16 29 23 11 41 11 29 25 26 29 25 27 27 9 34 11 12 30 31 28 9 37 29 7 20 26 23 32 39 30 5 12 38 26 14 44 12 20 
9 21 31 34 19 42 11 28 11 33 31 9 35 18 34 21 32 4 6 42 24 23 28 18 43 17 33 21 20 34 30 22 30 4 31 10 20 29 37 36 8 36 25 14 23 31 18 26 41 26 7 5 39 20 16 46 4 25 
22 9 18 37 12 37 24 37 18 34 24 21 22 8 23 13 19 9 14 39 11 33 19 6 38 12 26 27 30 24 21 29 23 13 35 16 8 30 26 23 11 37 30 2 17 22 26 35 37 32 8 17 36 29 12 42 17 16 
3 27 37 34 24 45 5 25 11 34 36 5 41 24 39 26 39 10 9 44 30 19 33 24 45 23 37 20 16 39 35 20 34 8 29 13 27 31 42 42 12 36 24 21 28 36 15 21 43 24 13 5 42 16 21 49 2 30 
20 13 28 21 28 25 22 24 10 18 15 25 26 24 21 9 28 18 23 25 19 24 15 13 25 27 17 14 21 20 16 17 13 12 20 26 23 14 24 29 8 21 16 14 8 16 16 25 23 18 11 23 22 20 3 29 20 11 
36 32 45 5 49 15 37 24 26 3 20 43 40 46 31 26 45 39 43 9 38 28 27 34 13 49 21 18 28 28 26 21 19 32 12 47 44 7 32 44 29 1 15 35 21 25 24 27 11 16 32 42 11 26 24 16 39 25 
29 8 21 25 28 21 31 34 20 21 8 33 17 24 11 3 21 23 28 23 14 34 5 11 22 28 9 23 31 10 6 27 7 20 27 31 20 19 14 21 16 24 24 14 2 7 26 35 21 26 16 30 19 30 7 25 28 2 
22 29 32 51 13 56 23 44 28 50 44 15 40 15 42 32 34 14 10 57 29 38 39 26 57 11 45 38 35 44 41 38 43 21 47 6 21 46 45 39 24 52 42 22 36 42 34 41 55 43 21 13 54 35 30 61 16 36 
30 2 13 34 21 28 33 40 24 30 15 32 12 17 11 6 13 20 26 31 5 38 8 5 30 22 16 29 36 12 10 32 15 21 35 28 13 27 14 14 17 33 31 9 10 11 31 40 29 33 16 28 28 34 11 33 28 7 
44 21 26 31 40 15 47 45 35 26 9 48 17 36 9 18 25 38 44 20 23 47 11 24 17 41 7 35 45 6 9 39 11 36 36 46 32 26 7 21 32 28 34 28 16 8 39 47 17 37 32 45 16 43 23 18 44 14 
27 17 18 47 2 47 29 45 27 44 34 23 26 1 30 22 19 13 15 49 15 41 27 15 48 3 35 37 38 31 29 39 33 21 45 14 6 41 32 25 21 47 40 12 27 31 35 44 47 42 16 20 46 38 23 51 22 25 
23 25 39 10 39 23 24 15 13 9 20 30 36 36 30 20 40 27 30 20 31 18 23 25 22 38 21 6 16 27 24 10 18 19 8 34 34 6 32 40 17 11 5 25 16 23 12 18 20 7 20 29 19 15 15 26 26 21 
r_i 58
13000 10000 7000 5000 8000 8000 12000 7000 5000 9000 12000 5000 8000 7000 8000 11000 5000 7000 9000 12000 12000 8000 8000 7000 6000 6000 11000 6000 9000 9000 8000 9000 12000 7000 6000 10000 7000 11000 10000 7000 12000 7000 5000 10000 10000 12000 9000 12000 5000 6000 6000 12000 11000 7000 13000 6000 6000 6000 
s_j 28
25000 17000 17000 16000 18000 15000 15000 21000 17000 18000 25000 23000 22000 16000 15000 16000 18000 18000 19000 19000 22000 19000 25000 16000 23000 19000 16000 25000 
c 0.04
k 12
alfa_j 28
2900 3200 1900 3600 5000 2900 3700 2000 2900 3000 3300 1000 2600 500 3800 2300 1600 1100 2800 1500 2300 1800 3900 1200 3300 1100 4500 2400 
h 14
x y 24 13
